avg_opt_gaps:[0.4362222222222306, 0.03199999999999992, 0.4300000000000082, 0.05399999999999985, 0.028222222222222156, 0.019111111111111075, 0.019777777777777738, 0.4406666666666751, 0.43688888888889726, 0.4253333333333414]
avg_opt_gaps:[0.03688888888888879, 0.42711111111111927, 0.038444444444444344, 0.0535555555555554, 0.4484444444444531, 0.00933333333333333, 0.22600000000000434, 0.011999999999999988, 0.009999999999999995, 0.038888888888888785]
avg_opt_gaps:[0.4453333333333419, 0.26022222222222696, 0.43088888888889715, 0.5326666666666744, 0.42155555555556357, 0.006000000000000002, 0.02311111111111106, 0.4431111111111195, 0.42377777777778586, 0.04799999999999986]
avg_opt_gaps:[0.4471111111111192, 0.651333333333332, 0.400444444444452, 0.44288888888889744, 0.4166666666666745, 0.02577777777777772, 0.4335555555555639, 0.4282222222222304, 0.031777777777777697, 0.014888888888888866]
